1110100
1111010
1111011
1110110
1111100
1110001
1110010
1110111
1110100
1110001
1111101
1110100
1110010
1110110
1110100
1110000
1110111
1110001
001101
1111000
1111110
1111111
1110000
1111000
1110110
1111001
1110110
1110000
1110010
001110
11000011111000100
1110100
1110001
1110101
001111
1110101
1110111
1111000
1110000
1110010
1111001
1111000
1110110
1110111
1110100
1110001
1110111
1110001
1110100
1110110
1111001
1111000
0101101110010110
1110111
1110010
1110000
001110
1110100
1110000
1110100
1110010
1111001
1110001
1110000
0101000011010100
1111000
1110110
1110100
1110010
1110110
1110001
1110100
1110000
1111001
00011001000111110110101011110011111
0100000010101000
1110100
1110111
11001000110100110
1110011
001111
1110011
001010
0100101110010011
000000
xxxx
11111000111111111111001111111111
11111110000000100000000000001000
01100000000000000000000000000010
11010000111111111111001000111111
00000000000000000000000000000000
11010000111111111111001000000000
11011111111111111111111111111101
11101111111111111111111111110111
00000000011111100000000000011100
11111000000000000111111111111111
01010000000000000000000000000010
11111111111111111000000000000000
00000000000000001000000000000000
01111000000000000111111111111111
11100001111111111111111111110111
11100000111111111111001111111111
